2016 01 07 10 02
2016 01 16 17 16
2016 01 24 09 36
2016 03 04 03 31
2016 03 08 17 19
2016 03 16 05 03
2016 03 26 06 59
2016 04 15 01 32
2016 05 03 23 04
2016 05 10 09 29
2016 05 20 13 48
2016 05 26 11 02
2016 06 01 11 32
2016 06 11 12 27
2016 07 18 07 32
2016 08 05 18 29
2016 08 16 14 23
2016 08 17 08 34
2016 08 19 05 24
2016 09 05 08 25
2016 09 05 14 02
2016 09 10 18 40
2016 09 19 23 22
2016 09 28 23 57
2016 10 07 20 32
2016 10 10 16 08
2016 11 02 08 46
2016 11 20 00 26
2016 12 23 23 13
2016 12 24 13 10
